AGV;Conflicts;Conflict_Wait;Conflict_Path;Waiting_Gate;Articles;Moving_Steps;Time_Steps
0;1141;46;1095;21;221;14888;15409
1;821;14;807;0;212;14920;15363
2;672;50;622;3;218;14870;15367
3;1074;44;1030;39;220;14913;15442
4;929;44;885;4;218;14916;15410
5;1365;37;1328;21;209;14911;15395
6;1109;43;1066;19;216;14833;15335
7;1001;54;947;0;216;14891;15385
8;1018;44;974;0;228;14885;15388
Total;9130;376;8754;107;1958;134027;138494
