AGV,Conflicts,Conflict_Wait,Conflict_Path,Waiting_Gate,Articles,Moving_Steps,Time_Steps
0,210,26,184,0,122,8270,0
1,272,37,235,25,125,8227,0
2,211,32,179,21,127,8226,0
3,205,39,166,26,126,8220,0
4,259,36,223,16,122,8239,0
5,290,37,253,0,124,8248,0
6,270,34,236,0,122,8258,0
7,218,17,201,3,128,8264,0
8,242,38,204,7,130,8230,0
Total,2177,296,1881,98,1126,74182,0
