AGV,Conflicts,Conflict_Wait,Conflict_Path,Waiting_Gate,Articles,Moving_Steps,Time_Steps
0,52,25,27,0,9,667,0
1,68,31,37,0,8,663,0
2,51,32,19,0,11,654,0
3,14,1,13,0,10,688,0
4,50,9,41,0,10,680,0
5,29,17,12,0,10,672,0
6,24,9,15,0,11,677,0
7,21,11,10,0,10,678,0
8,41,14,27,0,9,678,0
9,23,11,12,0,10,677,0
Total,373,160,213,0,98,6734,0
