AGV,Conflicts,Conflict_Wait,Conflict_Path,Waiting_Gate,Articles,Moving_Steps,Time_Steps
0,93,24,69,0,62,4058,0
1,102,16,86,20,63,4043,0
2,75,12,63,0,63,4069,0
3,121,21,100,0,64,4060,0
4,135,26,109,0,59,4065,0
5,81,14,67,0,59,4076,0
6,146,28,118,0,63,4052,0
7,134,21,113,0,61,4066,0
8,156,21,135,0,61,4066,0
Total,1043,183,860,20,555,36555,0
