AGV,Conflicts,Conflict_Wait,Conflict_Path,Waiting_Gate,Articles,Moving_Steps,Time_Steps
0,49,4,45,4,10,733,0
1,53,0,53,0,12,739,0
2,46,7,39,0,10,736,0
3,31,4,27,0,12,735,0
4,81,1,80,0,10,742,0
5,57,8,49,0,11,734,0
6,6,0,6,0,10,743,0
7,39,2,37,0,11,740,0
8,66,4,62,0,10,739,0
Total,428,30,398,4,96,6641,0
