AGV,Conflicts,Conflict_Wait,Conflict_Path,Waiting_Gate,Articles,Moving_Steps,Time_Steps
0,403,74,329,6,217,14478,15001
1,432,65,367,20,220,14519,15051
2,538,57,481,0,218,14526,15023
3,538,88,450,3,221,14500,15037
4,566,79,487,13,219,14529,0
5,416,66,350,3,216,14520,15026
6,544,69,475,0,215,14492,14999
7,549,90,459,22,216,14446,14992
8,401,61,340,0,216,14475,14970
Total,4387,649,3738,67,1958,130485,120099
