AGV,Conflicts,Conflict_Wait,Conflict_Path,Waiting_Gate,Articles,Moving_Steps,Time_Steps
0,882,57,825,19,221,14782,15303
1,906,51,855,0,222,14836,15343
2,1027,63,964,0,216,14774,15278
3,1014,35,979,0,220,14857,15343
4,1148,66,1082,10,208,14806,15303
5,862,36,826,37,219,14840,0
6,929,46,883,35,213,14773,15289
7,817,27,790,4,219,14844,15320
8,826,42,784,7,220,14816,15311
Total,8411,423,7988,112,1958,133328,122490
